7.605597637694183621e-01
7.707664655283091859e-01
7.625497496469380021e-01
7.659519835665682397e-01
7.644755424316344028e-01
7.698677622287841693e-01
7.634484529464629077e-01
7.667223006804467778e-01
7.650532802670432231e-01
7.627423289254076089e-01
7.665297214019771710e-01
7.656310181024521544e-01
7.593400950057773713e-01
7.692258313005521098e-01
7.666581075876235385e-01
7.698035691359609300e-01
7.648607009885736163e-01
7.667864937732700170e-01
7.660161766593914789e-01
7.627423289254076089e-01
7.622287841828219168e-01
7.710874309924251602e-01
7.690332520220823920e-01
7.634484529464629077e-01
7.714083964565412455e-01
7.680061625369110079e-01
7.724996790345358688e-01
7.713442033637181172e-01
7.687122865579664177e-01
7.699961484144306478e-01
7.735267685197072529e-01
7.757093336756964996e-01
7.687122865579664177e-01
7.737193477981769707e-01
7.723070997560662621e-01
7.728206444986519541e-01
7.807805880087302919e-01
7.744254718192322695e-01
7.780202850173321139e-01
7.707022724354859466e-01
7.778918988316857464e-01
7.796251123379124293e-01
7.769931955321607298e-01
7.805238156374374459e-01
7.763512646039286702e-01
7.790473745025034980e-01
7.745538580048786370e-01
7.724996790345358688e-01
7.842470150211837687e-01
7.856592630632943663e-01
7.800102708948517538e-01
7.825138015149569748e-01
7.781486712029785924e-01
7.801386570804981213e-01
7.785980228527410452e-01
7.820002567723712827e-01
7.733341892412376462e-01
7.782128642958017206e-01
7.833483117216587521e-01
7.812299396584927447e-01
7.762228784182821917e-01
7.818718705867249152e-01
7.859160354345872124e-01
7.844395942996533755e-01
7.845037873924766147e-01
7.807163949159070526e-01
7.844395942996533755e-01
7.802670432661445998e-01
7.860444216202336909e-01
7.882911798690460659e-01
7.848889459494158283e-01
7.851457183207086743e-01
7.837976633714212049e-01
7.868147387341122290e-01
7.807163949159070526e-01
7.908589035819745261e-01
7.834766979073051196e-01
7.851457183207086743e-01
7.882911798690460659e-01
7.859160354345872124e-01
7.821286429580177613e-01
7.842470150211837687e-01
7.909872897676210046e-01
7.879702144049299806e-01
7.909872897676210046e-01
7.904095519322120733e-01
7.857876492489408449e-01
7.911156759532674831e-01
7.932982411092566188e-01
7.902169726537424665e-01
7.909872897676210046e-01
7.899602002824496205e-01
7.919501861599691495e-01
7.914366414173834574e-01
7.935550134805494649e-01
7.915650276030299359e-01
7.916292206958531752e-01
7.934266272949030974e-01
7.941969444087816354e-01
7.897034279111567745e-01
7.951598408011297803e-01
7.927846963666709268e-01
7.989472332776993424e-01
7.903453588393888340e-01
7.900243933752728598e-01
7.885479522403389119e-01
7.931698549236102513e-01
7.959301579150083183e-01
7.958659648221850791e-01
7.934266272949030974e-01
7.950314546154834128e-01
7.957375786365387116e-01
7.949672615226601735e-01
7.954166131724226263e-01
7.963795095647708822e-01
7.984978816279367786e-01
7.884837591475156726e-01
7.968288612145333349e-01
7.977917576068814798e-01
7.968288612145333349e-01
7.956733855437154723e-01
7.961869302863011644e-01
7.943253305944280029e-01
7.961227371934780361e-01
7.998459365772242480e-01
7.965720888432404889e-01
7.975991783284118730e-01
7.965720888432404889e-01
8.002952882269868118e-01
7.967646681217100957e-01
8.020285017332134947e-01
8.030555912183848788e-01
7.968930543073565742e-01
7.958017717293619508e-01
8.022852741045063407e-01
7.997175503915778805e-01
7.951598408011297803e-01
7.970214404930029417e-01
8.024778533829759475e-01
7.999743227628707265e-01
7.961869302863011644e-01
7.976633714212351123e-01
8.015149569906278026e-01
8.006804467839260253e-01
8.010656053408653499e-01
8.015149569906278026e-01
8.013223777121581959e-01
7.993323918346385559e-01
8.040184876107331347e-01
8.015791500834510419e-01
8.030555912183848788e-01
8.011297984336885891e-01
8.050455770959045187e-01
7.986262678135832571e-01
8.065862113236615949e-01
8.027988188470920328e-01
8.043394530748491089e-01
8.042752599820259807e-01
8.020926948260367340e-01
8.030555912183848788e-01
8.034407497753242033e-01
8.036333290537938101e-01
8.002310951341635725e-01
8.070355629734240477e-01
8.069713698806008084e-01
8.001669020413403333e-01
7.988830401848761031e-01
8.018359224547438879e-01
8.066504044164848342e-01
8.020285017332134947e-01
8.062652458595455096e-01
8.031839774040313573e-01
8.097958659648222257e-01
8.080626524585954318e-01
8.023494671973295800e-01
8.027988188470920328e-01
8.002310951341635725e-01
8.079984593657721925e-01
8.004878675054564185e-01
8.078700731801258250e-01
8.062010527667222703e-01
8.057517011169598176e-01
8.108871485428167381e-01
8.088329695724739699e-01
8.071639491590705262e-01
8.077416869944793465e-01
8.092181281294132944e-01
8.088329695724739699e-01
8.116574656566953871e-01
8.117216587495185154e-01
8.050455770959045187e-01
8.109513416356399773e-01
8.047888047246116727e-01
8.111439209141096951e-01
8.076774939016562183e-01
8.113365001925793019e-01
8.122993965849274467e-01
8.110155347284632166e-01
8.117216587495185154e-01
8.082552317370650385e-01
8.105019899858775245e-01
8.102452176145846785e-01
8.111439209141096951e-01
8.133906791629220701e-01
8.112081140069328233e-01
8.179483887533701703e-01
8.121068173064578399e-01
8.086403902940043631e-01
8.077416869944793465e-01
8.143535755552702149e-01
8.098600590576453540e-01
8.104377968930542853e-01
8.070997560662472869e-01
8.094107074078829012e-01
8.155090512260880775e-01
8.142893824624470867e-01
8.151238926691487530e-01
8.130055206059827455e-01
8.152522788547952315e-01
8.162793683399666156e-01
8.142251893696238474e-01
8.147387341122095394e-01
8.104377968930542853e-01
8.157658235973809235e-01
8.157658235973809235e-01
8.137116446270381553e-01
8.110797278212864558e-01
8.162151752471433763e-01
8.140968031839773689e-01
8.153806650404415990e-01
8.177558094749004525e-01
8.124277827705739252e-01
8.128771344203363780e-01
8.119784311208113614e-01
8.128771344203363780e-01
8.162793683399666156e-01
8.108229554499936098e-01
8.151880857619719922e-01
8.173064578251379997e-01
8.154448581332648383e-01
8.105661830787007638e-01
8.090255488509436876e-01
8.156374374117344450e-01
8.142251893696238474e-01
8.117858518423417546e-01
8.139042239055077621e-01
8.167929130825523076e-01
8.203877262806521520e-01
8.166645268969059401e-01
8.164719476184362223e-01
