4.965335729875465232e-01
5.875593786108614935e-01
5.928232122223648926e-01
6.124662986262677800e-01
6.293490820387726004e-01
6.375657979201437842e-01
6.430222108101167899e-01
6.500192579278469829e-01
6.528437540120682891e-01
6.564385672101681335e-01
6.540634227757092800e-01
6.643343176274233430e-01
6.666452689690589573e-01
6.709462061882141004e-01
6.717807163949158777e-01
6.757606881499550466e-01
6.750545641288997478e-01
6.823083836179226758e-01
6.834638592887405384e-01
6.846193349595584010e-01
6.863525484657850839e-01
6.907818718705867056e-01
6.878289896007189208e-01
6.871870586724868613e-01
6.913596097059956369e-01
6.930286301193991916e-01
6.966876364103222752e-01
6.968160225959686427e-01
7.020798562074720417e-01
7.052895108486326725e-01
6.993195532160739747e-01
6.964950571318525574e-01
7.051611246629863050e-01
7.029143664141738190e-01
7.013095390935935036e-01
7.011811529079471361e-01
7.060598279625112106e-01
7.025934009500577337e-01
7.072794967261523125e-01
7.079214276543843720e-01
7.058030555912183646e-01
7.141481576582360269e-01
7.154962126075233853e-01
7.162665297214019233e-01
7.161381435357555558e-01
7.144049300295288729e-01
7.169726537424573332e-01
7.149184747721145650e-01
7.144691231223520012e-01
7.136988060084734631e-01
7.163949159070484018e-01
7.230068044678392702e-01
7.171652330209269399e-01
7.214661702400821941e-01
7.149184747721145650e-01
7.177429708563358712e-01
7.142123507510591551e-01
7.231993837463088770e-01
7.187700603415072553e-01
7.192194119912697081e-01
7.189626396199768621e-01
7.187058672486840161e-01
7.210168185903196303e-01
7.224932597252535782e-01
7.235845423032482016e-01
7.181923225060983240e-01
7.274361278726408919e-01
7.237771215817178083e-01
7.284632173578122760e-01
7.219155218898446469e-01
7.244832456027731071e-01
7.289767621003979681e-01
7.280138657080498232e-01
7.217871357041982794e-01
7.289767621003979681e-01
7.258954936448838158e-01
7.251251765310052777e-01
7.324431891128514449e-01
7.237771215817178083e-01
7.325073822056746842e-01
7.213377840544357156e-01
7.252535627166516452e-01
7.275645140582873704e-01
7.307741686994478902e-01
7.280138657080498232e-01
7.305815894209782835e-01
7.278212864295802165e-01
7.345615611760174524e-01
7.320580305559122314e-01
7.282064449865194300e-01
7.330851200410836155e-01
7.357812299396584432e-01
7.303890101425086767e-01
7.370008987032995451e-01
7.307741686994478902e-01
7.338554371549621536e-01
7.330209269482603762e-01
7.358454230324816825e-01
7.340480164334317603e-01
7.284632173578122760e-01
7.361663884965977678e-01
7.305173963281550442e-01
7.264732314802927471e-01
7.400821671588136974e-01
7.320580305559122314e-01
7.422647323148029441e-01
7.393760431377583986e-01
7.391192707664655526e-01
7.366799332391834598e-01
7.334060855051995897e-01
7.384773398382333820e-01
7.459879316985492670e-01
7.387341122095262280e-01
7.456669662344331817e-01
7.433560148927975675e-01
7.428424701502118754e-01
7.429066632430350037e-01
7.461163178841956345e-01
7.411734497368083208e-01
7.461805109770188738e-01
7.440621389138528663e-01
7.477211452047759499e-01
7.425215046860957901e-01
7.443831043779689516e-01
7.423289254076261834e-01
7.441905250994993448e-01
7.447682629349081651e-01
7.523430478880472894e-01
7.434202079856206957e-01
7.464372833483117198e-01
7.497111310822955899e-01
7.438053665425600203e-01
7.465014764411349590e-01
7.511233791244061875e-01
7.534985235588650410e-01
7.500320965464115641e-01
7.530491719091025882e-01
7.501604827320580426e-01
7.540762613942739723e-01
7.515085376813455120e-01
7.493259725253562653e-01
7.549749646937989889e-01
7.527923995378097421e-01
7.555527025292078092e-01
7.514443445885222728e-01
7.551033508794453564e-01
7.549107716009757496e-01
7.540762613942739723e-01
7.546539992296829036e-01
7.563230196430864583e-01
7.513159584028759053e-01
7.519578893311079648e-01
7.579278469636666626e-01
7.603671844909487554e-01
7.593400950057773713e-01
7.581846193349595087e-01
7.613300808832970112e-01
7.592759019129541320e-01
7.608165361407112082e-01
7.576068814995506884e-01
7.594042880986006105e-01
7.626781358325843696e-01
7.619078187187058315e-01
7.586339709847220725e-01
7.594684811914238498e-01
7.604313775837719946e-01
7.606881499550648407e-01
7.610091154191809260e-01
7.653742457311593084e-01
7.578636538708435344e-01
7.583130055206059872e-01
